Ham	Lbl	PWNo	L3	nexp	c1	c2	c3	c4	c1_3N	c3_3N	c4_3N	cD	cE	doN3LO3N?	c2pi	c2pi1pi	crings	c2piCont	crelCS	crelCT	crel2pi	NNnexp	L2	Ltilde	CMPE	CSpp	CSnn	CSnp	CT	C1	C2	C3	C4	C5	C6	C7	D1	D2	D3	D4	D5	D6	D7	D8	D9	D10	D11	D12	D13	D14	D15	db1plusdb2	db3	db5	db14minusdb15	Va	Vc	Ve	Vf	Vk	Vl	Vn
1	N2LO_EM450new_fit_1	87	2.280478922	4	-0.74	0	-3.61	2.44	-0.74	-3.61	2.44	2.25	0.0701	0	0	0	0	0	0	0	0	4	450	0	0	0	0	-5.061931394	-0.110194353	0	0	0	0	0	0	0	0	0	0	0	0	0	0	0	0	0	0	0	0	0	0	0	0	0	0	0	0	0	0	0	0	0
2	N2LO_EM450new_fit_2	87	2.280478922	4	-0.74	0	-3.61	2.44	-0.74	-3.61	2.44	2.5	0.102375	0	0	0	0	0	0	0	0	4	450	0	0	0	0	-5.061931394	-0.110194353	0	0	0	0	0	0	0	0	0	0	0	0	0	0	0	0	0	0	0	0	0	0	0	0	0	0	0	0	0	0	0	0	0
3	N2LO_EM450new_fit_3	87	2.280478922	4	-0.74	0	-3.61	2.44	-0.74	-3.61	2.44	2.75	0.134237	0	0	0	0	0	0	0	0	4	450	0	0	0	0	-5.061931394	-0.110194353	0	0	0	0	0	0	0	0	0	0	0	0	0	0	0	0	0	0	0	0	0	0	0	0	0	0	0	0	0	0	0	0	0
4	N2LO_EM500new_fit_1	92	2.533865469	4	-0.74	0	-3.61	2.44	-0.74	-3.61	2.44	-1.75	-0.64084	0	0	0	0	0	0	0	0	4	500	0	0	0	0	-4.670994539	0.005451311	0	0	0	0	0	0	0	0	0	0	0	0	0	0	0	0	0	0	0	0	0	0	0	0	0	0	0	0	0	0	0	0	0
5	N2LO_EM500new_fit_2	92	2.533865469	4	-0.74	0	-3.61	2.44	-0.74	-3.61	2.44	-1.5	-0.612781	0	0	0	0	0	0	0	0	4	500	0	0	0	0	-4.670994539	0.005451311	0	0	0	0	0	0	0	0	0	0	0	0	0	0	0	0	0	0	0	0	0	0	0	0	0	0	0	0	0	0	0	0	0
6	N2LO_EM500new_fit_3	92	2.533865469	4	-0.74	0	-3.61	2.44	-0.74	-3.61	2.44	-1.25	-0.585532	0	0	0	0	0	0	0	0	4	500	0	0	0	0	-4.670994539	0.005451311	0	0	0	0	0	0	0	0	0	0	0	0	0	0	0	0	0	0	0	0	0	0	0	0	0	0	0	0	0	0	0	0	0
7	N3LO_EM450new_fit_1	88	2.280478922	4	-1.07	3.2	-5.32	3.56	-1.07	-5.32	3.56	0.25	-1.57414	1	1	1	1	1	1	1	1	4	450	0	0	0	0	-4.60557881	-0.003893793	0	0	0	0	0	0	0	0	0	0	0	0	0	0	0	0	0	0	0	0	0	0	1.04	-0.48	0.14	-1.9	1	1	1	1	1	1	1
8	N3LO_EM450new_fit_2	88	2.280478922	4	-1.07	3.2	-5.32	3.56	-1.07	-5.32	3.56	0.5	-1.53894	1	1	1	1	1	1	1	1	4	450	0	0	0	0	-4.60557881	-0.003893793	0	0	0	0	0	0	0	0	0	0	0	0	0	0	0	0	0	0	0	0	0	0	1.04	-0.48	0.14	-1.9	1	1	1	1	1	1	1
9	N3LO_EM450new_fit_3	88	2.280478922	4	-1.07	3.2	-5.32	3.56	-1.07	-5.32	3.56	0.75	-1.50417	1	1	1	1	1	1	1	1	4	450	0	0	0	0	-4.60557881	-0.003893793	0	0	0	0	0	0	0	0	0	0	0	0	0	0	0	0	0	0	0	0	0	0	1.04	-0.48	0.14	-1.9	1	1	1	1	1	1	1
10	N3LO_EM500new_fit_1	93	2.533865469	4	-1.07	3.2	-5.32	3.56	-1.07	-5.32	3.56	-3.25	-2.20383	1	1	1	1	1	1	1	1	4	500	0	0	0	0	-4.790923375	-0.155362356	0	0	0	0	0	0	0	0	0	0	0	0	0	0	0	0	0	0	0	0	0	0	1.04	-0.48	0.14	-1.9	1	1	1	1	1	1	1
11	N3LO_EM500new_fit_2	93	2.533865469	4	-1.07	3.2	-5.32	3.56	-1.07	-5.32	3.56	-3	-2.1744	1	1	1	1	1	1	1	1	4	500	0	0	0	0	-4.790923375	-0.155362356	0	0	0	0	0	0	0	0	0	0	0	0	0	0	0	0	0	0	0	0	0	0	1.04	-0.48	0.14	-1.9	1	1	1	1	1	1	1
12	N3LO_EM500new_fit_3	93	2.533865469	4	-1.07	3.2	-5.32	3.56	-1.07	-5.32	3.56	-2.75	-2.14633	1	1	1	1	1	1	1	1	4	500	0	0	0	0	-4.790923375	-0.155362356	0	0	0	0	0	0	0	0	0	0	0	0	0	0	0	0	0	0	0	0	0	0	1.04	-0.48	0.14	-1.9	1	1	1	1	1	1	1